p00,p01,p10,p11,Circuit,QC Name
0.486,0.494,0.011,0.009,1,santiago
0.276,0.22,0.267,0.237,2,santiago
0.074,0.366,0.281,0.279,3,santiago
0.134,0.338,0.254,0.274,4,santiago
0.182,0.306,0.212,0.3,5,santiago
0.332,0.208,0.166,0.294,6,santiago
0.348,0.162,0.302,0.188,7,santiago
0.293,0.206,0.297,0.204,8,santiago
0.264,0.229,0.318,0.189,9,santiago
0.486,0.495,0.012,0.007,1,santiago
0.308,0.216,0.246,0.23,2,santiago
0.065,0.393,0.278,0.264,3,santiago
0.126,0.345,0.239,0.29,4,santiago
0.157,0.334,0.21,0.299,5,santiago
0.309,0.2,0.161,0.33,6,santiago
0.349,0.168,0.301,0.182,7,santiago
0.296,0.182,0.331,0.191,8,santiago
0.264,0.234,0.314,0.188,9,santiago
0.489,0.501,0.006,0.004,1,santiago
0.297,0.231,0.26,0.212,2,santiago
0.074,0.374,0.251,0.301,3,santiago
0.118,0.338,0.248,0.296,4,santiago
0.16,0.313,0.22,0.307,5,santiago
0.325,0.245,0.165,0.265,6,santiago
0.317,0.177,0.329,0.177,7,santiago
0.304,0.193,0.302,0.201,8,santiago
0.277,0.281,0.287,0.155,9,santiago
0.505,0.481,0.007,0.007,1,santiago
0.302,0.229,0.24,0.229,2,santiago
0.072,0.369,0.27,0.289,3,santiago
0.134,0.326,0.251,0.289,4,santiago
0.186,0.319,0.214,0.281,5,santiago
0.327,0.2,0.175,0.298,6,santiago
0.317,0.179,0.327,0.177,7,santiago
0.286,0.177,0.311,0.226,8,santiago
0.275,0.252,0.274,0.199,9,santiago
0.503,0.481,0.009,0.007,1,santiago
0.275,0.227,0.256,0.242,2,santiago
0.089,0.359,0.268,0.284,3,santiago
0.12,0.353,0.261,0.266,4,santiago
0.175,0.306,0.223,0.296,5,santiago
0.302,0.213,0.185,0.3,6,santiago
0.342,0.172,0.313,0.173,7,santiago
0.285,0.184,0.325,0.206,8,santiago
0.238,0.266,0.322,0.174,9,santiago
0.49,0.486,0.013,0.011,1,santiago
0.299,0.223,0.261,0.217,2,santiago
0.075,0.35,0.264,0.311,3,santiago
0.125,0.319,0.242,0.314,4,santiago
0.148,0.337,0.199,0.316,5,santiago
0.338,0.215,0.158,0.289,6,santiago
0.334,0.171,0.335,0.16,7,santiago
0.293,0.193,0.312,0.202,8,santiago
0.285,0.244,0.27,0.201,9,santiago
0.469,0.51,0.012,0.009,1,santiago
0.327,0.238,0.234,0.201,2,santiago
0.068,0.366,0.29,0.276,3,santiago
0.112,0.329,0.274,0.285,4,santiago
0.125,0.339,0.213,0.323,5,santiago
0.336,0.21,0.194,0.26,6,santiago
0.332,0.169,0.32,0.179,7,santiago
0.329,0.188,0.297,0.186,8,santiago
0.255,0.276,0.289,0.18,9,santiago
0.486,0.494,0.01,0.01,1,santiago
0.255,0.238,0.262,0.245,2,santiago
0.07,0.368,0.286,0.276,3,santiago
0.131,0.318,0.275,0.276,4,santiago
0.17,0.321,0.23,0.279,5,santiago
0.327,0.219,0.176,0.278,6,santiago
0.333,0.165,0.316,0.186,7,santiago
0.3,0.208,0.298,0.194,8,santiago
0.265,0.295,0.281,0.159,9,santiago
0.477,0.5,0.014,0.009,1,santiago
0.279,0.242,0.249,0.23,2,santiago
0.072,0.38,0.28,0.268,3,santiago
0.14,0.333,0.276,0.251,4,santiago
0.17,0.331,0.204,0.295,5,santiago
0.319,0.208,0.181,0.292,6,santiago
0.344,0.161,0.296,0.199,7,santiago
0.313,0.183,0.305,0.199,8,santiago
0.251,0.252,0.296,0.201,9,santiago
0.49,0.49,0.011,0.009,1,santiago
0.291,0.265,0.235,0.209,2,santiago
0.063,0.393,0.23,0.314,3,santiago
0.117,0.342,0.264,0.277,4,santiago
0.174,0.307,0.217,0.302,5,santiago
0.328,0.239,0.179,0.254,6,santiago
0.314,0.173,0.315,0.198,7,santiago
0.324,0.186,0.279,0.211,8,santiago
0.257,0.269,0.277,0.197,9,santiago
0.48,0.504,0.008,0.008,1,santiago
0.266,0.239,0.265,0.23,2,santiago
0.073,0.353,0.265,0.309,3,santiago
0.138,0.306,0.283,0.273,4,santiago
0.193,0.332,0.199,0.276,5,santiago
0.296,0.216,0.177,0.311,6,santiago
0.343,0.169,0.292,0.196,7,santiago
0.264,0.194,0.356,0.186,8,santiago
0.258,0.262,0.308,0.172,9,santiago
0.517,0.467,0.009,0.007,1,santiago
0.288,0.227,0.268,0.217,2,santiago
0.069,0.355,0.299,0.277,3,santiago
0.114,0.37,0.264,0.252,4,santiago
0.168,0.328,0.214,0.29,5,santiago
0.312,0.221,0.172,0.295,6,santiago
0.334,0.163,0.306,0.197,7,santiago
0.288,0.186,0.304,0.222,8,santiago
0.244,0.252,0.303,0.201,9,santiago
0.48,0.503,0.011,0.006,1,santiago
0.266,0.246,0.253,0.235,2,santiago
0.064,0.379,0.279,0.278,3,santiago
0.122,0.342,0.264,0.272,4,santiago
0.16,0.315,0.231,0.294,5,santiago
0.304,0.216,0.176,0.304,6,santiago
0.306,0.168,0.32,0.206,7,santiago
0.325,0.188,0.29,0.197,8,santiago
0.249,0.282,0.276,0.193,9,santiago
0.495,0.491,0.008,0.006,1,santiago
0.28,0.241,0.262,0.217,2,santiago
0.074,0.375,0.25,0.301,3,santiago
0.142,0.345,0.25,0.263,4,santiago
0.163,0.321,0.217,0.299,5,santiago
0.303,0.222,0.189,0.286,6,santiago
0.34,0.163,0.3,0.197,7,santiago
0.323,0.169,0.325,0.183,8,santiago
0.246,0.237,0.297,0.22,9,santiago
0.493,0.481,0.018,0.008,1,santiago
0.312,0.211,0.264,0.213,2,santiago
0.071,0.367,0.274,0.288,3,santiago
0.126,0.347,0.261,0.266,4,santiago
0.167,0.299,0.225,0.309,5,santiago
0.313,0.228,0.179,0.28,6,santiago
0.325,0.15,0.325,0.2,7,santiago
0.301,0.184,0.311,0.204,8,santiago
0.234,0.266,0.311,0.189,9,santiago
0.472,0.516,0.008,0.004,1,santiago
0.287,0.211,0.267,0.235,2,santiago
0.069,0.352,0.281,0.298,3,santiago
0.136,0.358,0.243,0.263,4,santiago
0.173,0.311,0.242,0.274,5,santiago
0.312,0.215,0.185,0.288,6,santiago
0.307,0.187,0.316,0.19,7,santiago
0.277,0.193,0.316,0.214,8,santiago
0.251,0.251,0.319,0.179,9,santiago
0.488,0.496,0.009,0.007,1,santiago
0.301,0.228,0.246,0.225,2,santiago
0.074,0.387,0.261,0.278,3,santiago
0.127,0.311,0.28,0.282,4,santiago
0.177,0.345,0.204,0.274,5,santiago
0.337,0.21,0.165,0.288,6,santiago
0.348,0.172,0.318,0.162,7,santiago
0.299,0.185,0.316,0.2,8,santiago
0.238,0.272,0.301,0.189,9,santiago
0.484,0.505,0.003,0.008,1,santiago
0.289,0.225,0.283,0.203,2,santiago
0.065,0.376,0.274,0.285,3,santiago
0.133,0.33,0.249,0.288,4,santiago
0.18,0.318,0.203,0.299,5,santiago
0.319,0.199,0.181,0.301,6,santiago
0.33,0.196,0.312,0.162,7,santiago
0.308,0.175,0.318,0.199,8,santiago
0.266,0.252,0.297,0.185,9,santiago
0.493,0.496,0.008,0.003,1,santiago
0.273,0.247,0.238,0.242,2,santiago
0.063,0.361,0.279,0.297,3,santiago
0.101,0.35,0.262,0.287,4,santiago
0.172,0.325,0.197,0.306,5,santiago
0.331,0.188,0.179,0.302,6,santiago
0.346,0.147,0.343,0.164,7,santiago
0.27,0.167,0.352,0.211,8,santiago
0.261,0.275,0.276,0.188,9,santiago
0.467,0.521,0.004,0.008,1,santiago
0.293,0.241,0.248,0.218,2,santiago
0.059,0.404,0.263,0.274,3,santiago
0.117,0.322,0.263,0.298,4,santiago
0.167,0.312,0.233,0.288,5,santiago
0.343,0.201,0.162,0.294,6,santiago
0.345,0.157,0.302,0.196,7,santiago
0.297,0.193,0.33,0.18,8,santiago
0.262,0.249,0.306,0.183,9,santiago
0.509,0.477,0.005,0.009,1,santiago
0.273,0.254,0.236,0.237,2,santiago
0.084,0.36,0.275,0.281,3,santiago
0.11,0.347,0.265,0.278,4,santiago
0.196,0.333,0.194,0.277,5,santiago
0.294,0.199,0.178,0.329,6,santiago
0.356,0.168,0.293,0.183,7,santiago
0.283,0.182,0.338,0.197,8,santiago
0.247,0.243,0.32,0.19,9,santiago
0.474,0.516,0.006,0.004,1,santiago
0.315,0.199,0.255,0.231,2,santiago
0.071,0.386,0.265,0.278,3,santiago
0.119,0.304,0.294,0.283,4,santiago
0.158,0.348,0.209,0.285,5,santiago
0.34,0.206,0.152,0.302,6,santiago
0.312,0.18,0.327,0.181,7,santiago
0.292,0.189,0.322,0.197,8,santiago
0.23,0.27,0.316,0.184,9,santiago
0.514,0.479,0.003,0.004,1,santiago
0.3,0.218,0.254,0.228,2,santiago
0.086,0.363,0.26,0.291,3,santiago
0.128,0.33,0.247,0.295,4,santiago
0.173,0.328,0.201,0.298,5,santiago
0.328,0.194,0.179,0.299,6,santiago
0.338,0.166,0.315,0.181,7,santiago
0.302,0.173,0.323,0.202,8,santiago
0.264,0.254,0.29,0.192,9,santiago
0.493,0.495,0.003,0.009,1,santiago
0.287,0.23,0.257,0.226,2,santiago
0.078,0.375,0.284,0.263,3,santiago
0.141,0.33,0.245,0.284,4,santiago
0.183,0.328,0.196,0.293,5,santiago
0.34,0.21,0.167,0.283,6,santiago
0.351,0.171,0.292,0.186,7,santiago
0.306,0.184,0.315,0.195,8,santiago
0.263,0.258,0.292,0.187,9,santiago
0.459,0.52,0.009,0.012,1,santiago
0.272,0.23,0.276,0.222,2,santiago
0.088,0.356,0.264,0.292,3,santiago
0.143,0.323,0.253,0.281,4,santiago
0.188,0.298,0.215,0.299,5,santiago
0.325,0.222,0.183,0.27,6,santiago
0.33,0.168,0.324,0.178,7,santiago
0.28,0.186,0.324,0.21,8,santiago
0.269,0.257,0.269,0.205,9,santiago
0.471,0.511,0.008,0.01,1,santiago
0.296,0.223,0.263,0.218,2,santiago
0.059,0.377,0.29,0.274,3,santiago
0.119,0.327,0.288,0.266,4,santiago
0.184,0.292,0.228,0.296,5,santiago
0.324,0.209,0.172,0.295,6,santiago
0.324,0.175,0.306,0.195,7,santiago
0.305,0.179,0.299,0.217,8,santiago
0.263,0.24,0.319,0.178,9,santiago
0.502,0.478,0.009,0.011,1,santiago
0.28,0.229,0.269,0.222,2,santiago
0.069,0.365,0.274,0.292,3,santiago
0.13,0.323,0.269,0.278,4,santiago
0.174,0.312,0.215,0.299,5,santiago
0.331,0.221,0.18,0.268,6,santiago
0.345,0.173,0.312,0.17,7,santiago
0.298,0.206,0.316,0.18,8,santiago
0.276,0.267,0.257,0.2,9,santiago
0.496,0.473,0.019,0.012,1,santiago
0.292,0.233,0.234,0.241,2,santiago
0.073,0.354,0.275,0.298,3,santiago
0.139,0.307,0.284,0.27,4,santiago
0.174,0.32,0.235,0.271,5,santiago
0.341,0.226,0.163,0.27,6,santiago
0.337,0.173,0.31,0.18,7,santiago
0.339,0.172,0.299,0.19,8,santiago
0.276,0.263,0.302,0.159,9,santiago
0.471,0.507,0.011,0.011,1,santiago
0.276,0.225,0.248,0.251,2,santiago
0.08,0.356,0.276,0.288,3,santiago
0.145,0.345,0.247,0.263,4,santiago
0.176,0.313,0.221,0.29,5,santiago
0.344,0.223,0.161,0.272,6,santiago
0.341,0.156,0.322,0.181,7,santiago
0.33,0.178,0.298,0.194,8,santiago
0.245,0.261,0.331,0.163,9,santiago
0.492,0.48,0.015,0.013,1,santiago
0.264,0.234,0.224,0.278,2,santiago
0.063,0.347,0.288,0.302,3,santiago
0.128,0.327,0.249,0.296,4,santiago
0.159,0.327,0.237,0.277,5,santiago
0.329,0.2,0.191,0.28,6,santiago
0.304,0.184,0.298,0.214,7,santiago
0.275,0.192,0.319,0.214,8,santiago
0.26,0.273,0.294,0.173,9,santiago
0.479,0.497,0.011,0.013,1,santiago
0.298,0.23,0.259,0.213,2,santiago
0.095,0.348,0.278,0.279,3,santiago
0.129,0.318,0.281,0.272,4,santiago
0.162,0.32,0.21,0.308,5,santiago
0.343,0.228,0.15,0.279,6,santiago
0.355,0.162,0.31,0.173,7,santiago
0.284,0.198,0.309,0.209,8,santiago
0.252,0.29,0.281,0.177,9,santiago
0.489,0.489,0.014,0.008,1,santiago
0.292,0.22,0.253,0.235,2,santiago
0.064,0.355,0.265,0.316,3,santiago
0.114,0.338,0.27,0.278,4,santiago
0.182,0.307,0.192,0.319,5,santiago
0.33,0.209,0.184,0.277,6,santiago
0.346,0.185,0.307,0.162,7,santiago
0.321,0.206,0.295,0.178,8,santiago
0.259,0.243,0.302,0.196,9,santiago
0.483,0.494,0.013,0.01,1,santiago
0.259,0.242,0.244,0.255,2,santiago
0.062,0.392,0.269,0.277,3,santiago
0.133,0.332,0.26,0.275,4,santiago
0.168,0.327,0.199,0.306,5,santiago
0.331,0.179,0.218,0.272,6,santiago
0.353,0.162,0.3,0.185,7,santiago
0.317,0.163,0.31,0.21,8,santiago
0.258,0.25,0.302,0.19,9,santiago
0.508,0.474,0.008,0.01,1,santiago
0.285,0.236,0.259,0.22,2,santiago
0.079,0.346,0.272,0.303,3,santiago
0.11,0.316,0.293,0.281,4,santiago
0.179,0.322,0.221,0.278,5,santiago
0.335,0.217,0.161,0.287,6,santiago
0.347,0.166,0.303,0.184,7,santiago
0.31,0.191,0.304,0.195,8,santiago
0.288,0.253,0.289,0.17,9,santiago
0.484,0.494,0.013,0.009,1,santiago
0.295,0.245,0.248,0.212,2,santiago
0.081,0.361,0.271,0.287,3,santiago
0.139,0.334,0.254,0.273,4,santiago
0.167,0.34,0.218,0.275,5,santiago
0.333,0.197,0.162,0.308,6,santiago
0.331,0.172,0.311,0.186,7,santiago
0.283,0.2,0.308,0.209,8,santiago
0.27,0.252,0.279,0.199,9,santiago
0.52,0.456,0.012,0.012,1,santiago
0.308,0.227,0.256,0.209,2,santiago
0.069,0.37,0.273,0.288,3,santiago
0.138,0.334,0.283,0.245,4,santiago
0.164,0.315,0.213,0.308,5,santiago
0.321,0.199,0.182,0.298,6,santiago
0.335,0.175,0.298,0.192,7,santiago
0.304,0.2,0.293,0.203,8,santiago
0.263,0.244,0.291,0.202,9,santiago
0.456,0.528,0.006,0.01,1,santiago
0.275,0.255,0.246,0.224,2,santiago
0.071,0.372,0.278,0.279,3,santiago
0.115,0.355,0.267,0.263,4,santiago
0.165,0.349,0.207,0.279,5,santiago
0.323,0.214,0.175,0.288,6,santiago
0.301,0.185,0.341,0.173,7,santiago
0.295,0.185,0.308,0.212,8,santiago
0.286,0.247,0.28,0.187,9,santiago
0.5,0.491,0.006,0.003,1,santiago
0.273,0.255,0.258,0.214,2,santiago
0.066,0.369,0.285,0.28,3,santiago
0.11,0.313,0.266,0.311,4,santiago
0.148,0.321,0.226,0.305,5,santiago
0.342,0.218,0.17,0.27,6,santiago
0.315,0.177,0.316,0.192,7,santiago
0.289,0.201,0.311,0.199,8,santiago
0.25,0.256,0.318,0.176,9,santiago
0.499,0.481,0.009,0.011,1,santiago
0.3,0.212,0.243,0.245,2,santiago
0.08,0.379,0.238,0.303,3,santiago
0.105,0.346,0.269,0.28,4,santiago
0.17,0.314,0.212,0.304,5,santiago
0.31,0.195,0.194,0.301,6,santiago
0.333,0.162,0.318,0.187,7,santiago
0.297,0.197,0.312,0.194,8,santiago
0.253,0.254,0.301,0.192,9,santiago
0.51,0.474,0.008,0.008,1,santiago
0.274,0.233,0.258,0.235,2,santiago
0.069,0.353,0.275,0.303,3,santiago
0.111,0.346,0.243,0.3,4,santiago
0.15,0.306,0.238,0.306,5,santiago
0.329,0.222,0.17,0.279,6,santiago
0.342,0.178,0.308,0.172,7,santiago
0.291,0.176,0.336,0.197,8,santiago
0.274,0.257,0.281,0.188,9,santiago
0.483,0.507,0.007,0.003,1,santiago
0.287,0.242,0.25,0.221,2,santiago
0.069,0.375,0.263,0.293,3,santiago
0.102,0.356,0.274,0.268,4,santiago
0.171,0.314,0.229,0.286,5,santiago
0.351,0.174,0.181,0.294,6,santiago
0.355,0.165,0.298,0.182,7,santiago
0.295,0.176,0.321,0.208,8,santiago
0.252,0.252,0.307,0.189,9,santiago
0.488,0.5,0.007,0.005,1,santiago
0.289,0.223,0.268,0.22,2,santiago
0.071,0.356,0.271,0.302,3,santiago
0.108,0.34,0.271,0.281,4,santiago
0.172,0.309,0.209,0.31,5,santiago
0.311,0.201,0.177,0.311,6,santiago
0.337,0.185,0.289,0.189,7,santiago
0.285,0.179,0.318,0.218,8,santiago
0.249,0.239,0.316,0.196,9,santiago
0.484,0.506,0.004,0.006,1,santiago
0.274,0.231,0.27,0.225,2,santiago
0.064,0.371,0.278,0.287,3,santiago
0.128,0.344,0.255,0.273,4,santiago
0.171,0.301,0.201,0.327,5,santiago
0.341,0.211,0.178,0.27,6,santiago
0.346,0.171,0.3,0.183,7,santiago
0.268,0.171,0.356,0.205,8,santiago
0.274,0.24,0.303,0.183,9,santiago
0.495,0.489,0.006,0.01,1,santiago
0.264,0.239,0.256,0.241,2,santiago
0.063,0.379,0.273,0.285,3,santiago
0.104,0.348,0.273,0.275,4,santiago
0.168,0.33,0.207,0.295,5,santiago
0.331,0.217,0.171,0.281,6,santiago
0.317,0.168,0.328,0.187,7,santiago
0.304,0.202,0.304,0.19,8,santiago
0.256,0.247,0.294,0.203,9,santiago
0.491,0.496,0.007,0.006,1,santiago
0.304,0.239,0.25,0.207,2,santiago
0.073,0.381,0.272,0.274,3,santiago
0.11,0.344,0.254,0.292,4,santiago
0.18,0.314,0.21,0.296,5,santiago
0.342,0.202,0.179,0.277,6,santiago
0.335,0.155,0.33,0.18,7,santiago
0.308,0.182,0.314,0.196,8,santiago
0.253,0.278,0.293,0.176,9,santiago
0.471,0.521,0.003,0.005,1,santiago
0.313,0.229,0.249,0.209,2,santiago
0.071,0.369,0.285,0.275,3,santiago
0.098,0.37,0.26,0.272,4,santiago
0.172,0.3,0.239,0.289,5,santiago
0.331,0.228,0.178,0.263,6,santiago
0.326,0.187,0.317,0.17,7,santiago
0.294,0.179,0.352,0.175,8,santiago
0.274,0.261,0.3,0.165,9,santiago
0.479,0.506,0.005,0.01,1,santiago
0.313,0.224,0.263,0.2,2,santiago
0.079,0.39,0.254,0.277,3,santiago
0.13,0.305,0.26,0.305,4,santiago
0.17,0.325,0.206,0.299,5,santiago
0.311,0.227,0.172,0.29,6,santiago
0.308,0.162,0.328,0.202,7,santiago
0.3,0.188,0.311,0.201,8,santiago
0.273,0.239,0.302,0.186,9,santiago
0.486,0.5,0.006,0.008,1,santiago
0.272,0.203,0.264,0.261,2,santiago
0.069,0.351,0.279,0.301,3,santiago
0.112,0.326,0.275,0.287,4,santiago
0.169,0.323,0.224,0.284,5,santiago
0.331,0.221,0.163,0.285,6,santiago
0.354,0.165,0.298,0.183,7,santiago
0.301,0.187,0.306,0.206,8,santiago
0.27,0.263,0.29,0.177,9,santiago
0.487,0.495,0.011,0.007,1,santiago
0.298,0.216,0.268,0.218,2,santiago
0.083,0.367,0.257,0.293,3,santiago
0.122,0.313,0.285,0.28,4,santiago
0.166,0.316,0.192,0.326,5,santiago
0.319,0.223,0.167,0.291,6,santiago
0.36,0.16,0.325,0.155,7,santiago
0.291,0.184,0.297,0.228,8,santiago
0.268,0.266,0.294,0.172,9,santiago
0.482,0.507,0.005,0.006,1,santiago
0.288,0.212,0.271,0.229,2,santiago
0.061,0.384,0.273,0.282,3,santiago
0.125,0.331,0.243,0.301,4,santiago
0.16,0.323,0.201,0.316,5,santiago
0.33,0.195,0.185,0.29,6,santiago
0.359,0.154,0.311,0.176,7,santiago
0.32,0.183,0.309,0.188,8,santiago
0.236,0.258,0.318,0.188,9,santiago
0.485,0.505,0.005,0.005,1,santiago
0.288,0.222,0.25,0.24,2,santiago
0.077,0.393,0.251,0.279,3,santiago
0.132,0.367,0.23,0.271,4,santiago
0.16,0.333,0.225,0.282,5,santiago
0.345,0.189,0.174,0.292,6,santiago
0.343,0.169,0.298,0.19,7,santiago
0.301,0.207,0.312,0.18,8,santiago
0.266,0.279,0.285,0.17,9,santiago
0.47,0.514,0.008,0.008,1,santiago
0.281,0.233,0.254,0.232,2,santiago
0.074,0.38,0.262,0.284,3,santiago
0.122,0.358,0.261,0.259,4,santiago
0.153,0.335,0.2,0.312,5,santiago
0.297,0.213,0.17,0.32,6,santiago
0.329,0.185,0.291,0.195,7,santiago
0.297,0.182,0.316,0.205,8,santiago
0.263,0.269,0.299,0.169,9,santiago
0.47,0.515,0.008,0.007,1,santiago
0.292,0.219,0.246,0.243,2,santiago
0.083,0.353,0.274,0.29,3,santiago
0.122,0.367,0.237,0.274,4,santiago
0.177,0.32,0.215,0.288,5,santiago
0.324,0.202,0.177,0.297,6,santiago
0.356,0.162,0.308,0.174,7,santiago
0.3,0.177,0.319,0.204,8,santiago
0.234,0.278,0.313,0.175,9,santiago
0.497,0.49,0.003,0.01,1,santiago
0.297,0.236,0.24,0.227,2,santiago
0.075,0.362,0.282,0.281,3,santiago
0.116,0.336,0.271,0.277,4,santiago
0.168,0.309,0.207,0.316,5,santiago
0.303,0.201,0.164,0.332,6,santiago
0.351,0.171,0.304,0.174,7,santiago
0.292,0.177,0.33,0.201,8,santiago
0.251,0.254,0.306,0.189,9,santiago
0.489,0.503,0.004,0.004,1,santiago
0.278,0.232,0.247,0.243,2,santiago
0.081,0.373,0.276,0.27,3,santiago
0.116,0.366,0.261,0.257,4,santiago
0.159,0.315,0.227,0.299,5,santiago
0.389,0.188,0.156,0.267,6,santiago
0.327,0.17,0.309,0.194,7,santiago
0.342,0.183,0.276,0.199,8,santiago
0.26,0.234,0.296,0.21,9,santiago
0.5,0.489,0.005,0.006,1,santiago
0.295,0.231,0.243,0.231,2,santiago
0.061,0.377,0.27,0.292,3,santiago
0.116,0.347,0.246,0.291,4,santiago
0.178,0.344,0.205,0.273,5,santiago
0.304,0.227,0.167,0.302,6,santiago
0.326,0.165,0.324,0.185,7,santiago
0.281,0.178,0.339,0.202,8,santiago
0.26,0.223,0.308,0.209,9,santiago
0.486,0.506,0.006,0.002,1,santiago
0.311,0.211,0.245,0.233,2,santiago
0.059,0.347,0.301,0.293,3,santiago
0.113,0.34,0.26,0.287,4,santiago
0.178,0.321,0.204,0.297,5,santiago
0.316,0.218,0.161,0.305,6,santiago
0.334,0.165,0.316,0.185,7,santiago
0.307,0.169,0.313,0.211,8,santiago
0.279,0.232,0.294,0.195,9,santiago
0.474,0.511,0.006,0.009,1,santiago
0.289,0.219,0.253,0.239,2,santiago
0.059,0.351,0.285,0.305,3,santiago
0.11,0.328,0.265,0.297,4,santiago
0.18,0.308,0.22,0.292,5,santiago
0.343,0.202,0.165,0.29,6,santiago
0.337,0.16,0.331,0.172,7,santiago
0.307,0.186,0.306,0.201,8,santiago
0.262,0.255,0.306,0.177,9,santiago
0.462,0.523,0.007,0.008,1,santiago
0.288,0.227,0.254,0.231,2,santiago
0.077,0.364,0.278,0.281,3,santiago
0.132,0.334,0.265,0.269,4,santiago
0.151,0.323,0.204,0.322,5,santiago
0.346,0.179,0.185,0.29,6,santiago
0.314,0.169,0.334,0.183,7,santiago
0.321,0.178,0.314,0.187,8,santiago
0.267,0.266,0.271,0.196,9,santiago
0.503,0.489,0.005,0.003,1,santiago
0.309,0.244,0.229,0.218,2,santiago
0.061,0.348,0.287,0.304,3,santiago
0.105,0.355,0.264,0.276,4,santiago
0.165,0.309,0.213,0.313,5,santiago
0.363,0.198,0.168,0.271,6,santiago
0.337,0.193,0.296,0.174,7,santiago
0.317,0.199,0.278,0.206,8,santiago
0.251,0.267,0.29,0.192,9,santiago
0.493,0.497,0.005,0.005,1,santiago
0.317,0.211,0.236,0.236,2,santiago
0.075,0.372,0.266,0.287,3,santiago
0.101,0.353,0.265,0.281,4,santiago
0.177,0.286,0.219,0.318,5,santiago
0.308,0.195,0.17,0.327,6,santiago
0.321,0.175,0.321,0.183,7,santiago
0.307,0.17,0.33,0.193,8,santiago
0.258,0.253,0.315,0.174,9,santiago
0.466,0.519,0.008,0.007,1,santiago
0.299,0.212,0.269,0.22,2,santiago
0.074,0.355,0.269,0.302,3,santiago
0.116,0.347,0.255,0.282,4,santiago
0.164,0.328,0.207,0.301,5,santiago
0.311,0.212,0.18,0.297,6,santiago
0.366,0.17,0.293,0.171,7,santiago
0.291,0.19,0.332,0.187,8,santiago
0.225,0.275,0.336,0.164,9,santiago
0.484,0.503,0.006,0.007,1,santiago
0.299,0.234,0.248,0.219,2,santiago
0.07,0.361,0.263,0.306,3,santiago
0.132,0.323,0.25,0.295,4,santiago
0.155,0.334,0.207,0.304,5,santiago
0.336,0.206,0.159,0.299,6,santiago
0.322,0.158,0.334,0.186,7,santiago
0.337,0.161,0.307,0.195,8,santiago
0.256,0.265,0.305,0.174,9,santiago
0.496,0.494,0.007,0.003,1,santiago
0.287,0.229,0.239,0.245,2,santiago
0.071,0.376,0.263,0.29,3,santiago
0.114,0.365,0.239,0.282,4,santiago
0.159,0.333,0.219,0.289,5,santiago
0.305,0.204,0.18,0.311,6,santiago
0.327,0.17,0.314,0.189,7,santiago
0.29,0.186,0.311,0.213,8,santiago
0.252,0.279,0.293,0.176,9,santiago
0.493,0.493,0.01,0.004,1,santiago
0.272,0.227,0.265,0.236,2,santiago
0.058,0.39,0.286,0.266,3,santiago
0.119,0.316,0.278,0.287,4,santiago
0.206,0.304,0.212,0.278,5,santiago
0.322,0.219,0.174,0.285,6,santiago
0.335,0.155,0.304,0.206,7,santiago
0.295,0.21,0.317,0.178,8,santiago
0.249,0.268,0.314,0.169,9,santiago
0.486,0.495,0.01,0.009,1,santiago
0.282,0.234,0.261,0.223,2,santiago
0.06,0.392,0.27,0.278,3,santiago
0.126,0.333,0.273,0.268,4,santiago
0.154,0.325,0.22,0.301,5,santiago
0.352,0.186,0.156,0.306,6,santiago
0.338,0.174,0.299,0.189,7,santiago
0.31,0.178,0.301,0.211,8,santiago
0.256,0.258,0.282,0.204,9,santiago
0.49,0.487,0.011,0.012,1,santiago
0.321,0.207,0.259,0.213,2,santiago
0.073,0.367,0.291,0.269,3,santiago
0.117,0.341,0.273,0.269,4,santiago
0.18,0.312,0.207,0.301,5,santiago
0.297,0.2,0.184,0.319,6,santiago
0.344,0.166,0.307,0.183,7,santiago
0.292,0.181,0.319,0.208,8,santiago
0.258,0.279,0.297,0.166,9,santiago
0.494,0.494,0.006,0.006,1,santiago
0.294,0.231,0.251,0.224,2,santiago
0.066,0.381,0.268,0.285,3,santiago
0.119,0.351,0.263,0.267,4,santiago
0.168,0.312,0.21,0.31,5,santiago
0.368,0.197,0.158,0.277,6,santiago
0.309,0.186,0.321,0.184,7,santiago
0.314,0.16,0.326,0.2,8,santiago
0.242,0.283,0.284,0.191,9,santiago
0.482,0.499,0.006,0.013,1,santiago
0.3,0.227,0.245,0.228,2,santiago
0.069,0.35,0.296,0.285,3,santiago
0.125,0.338,0.259,0.278,4,santiago
0.158,0.305,0.232,0.305,5,santiago
0.308,0.213,0.182,0.297,6,santiago
0.325,0.177,0.308,0.19,7,santiago
0.307,0.16,0.319,0.214,8,santiago
0.251,0.248,0.303,0.198,9,santiago
0.514,0.473,0.006,0.007,1,santiago
0.288,0.243,0.25,0.219,2,santiago
0.071,0.374,0.262,0.293,3,santiago
0.137,0.336,0.249,0.278,4,santiago
0.161,0.34,0.202,0.297,5,santiago
0.313,0.201,0.178,0.308,6,santiago
0.34,0.166,0.308,0.186,7,santiago
0.264,0.196,0.338,0.202,8,santiago
0.24,0.27,0.306,0.184,9,santiago
0.497,0.492,0.003,0.008,1,santiago
0.269,0.23,0.259,0.242,2,santiago
0.063,0.346,0.288,0.303,3,santiago
0.123,0.354,0.238,0.285,4,santiago
0.167,0.346,0.208,0.279,5,santiago
0.324,0.204,0.187,0.285,6,santiago
0.315,0.179,0.325,0.181,7,santiago
0.279,0.182,0.304,0.235,8,santiago
0.261,0.247,0.314,0.178,9,santiago
0.507,0.478,0.008,0.007,1,santiago
0.312,0.202,0.235,0.251,2,santiago
0.07,0.389,0.258,0.283,3,santiago
0.139,0.337,0.259,0.265,4,santiago
0.16,0.342,0.181,0.317,5,santiago
0.327,0.217,0.165,0.291,6,santiago
0.368,0.151,0.315,0.166,7,santiago
0.3,0.181,0.303,0.216,8,santiago
0.234,0.27,0.293,0.203,9,santiago
0.483,0.493,0.016,0.008,1,santiago
0.262,0.205,0.282,0.251,2,santiago
0.064,0.377,0.285,0.274,3,santiago
0.102,0.329,0.281,0.288,4,santiago
0.161,0.328,0.214,0.297,5,santiago
0.315,0.199,0.161,0.325,6,santiago
0.362,0.155,0.303,0.18,7,santiago
0.307,0.172,0.325,0.196,8,santiago
0.252,0.253,0.323,0.172,9,santiago
0.502,0.487,0.006,0.005,1,santiago
0.307,0.223,0.232,0.238,2,santiago
0.06,0.365,0.304,0.271,3,santiago
0.125,0.327,0.251,0.297,4,santiago
0.168,0.329,0.201,0.302,5,santiago
0.323,0.215,0.205,0.257,6,santiago
0.311,0.181,0.305,0.203,7,santiago
0.314,0.159,0.314,0.213,8,santiago
0.29,0.263,0.284,0.163,9,santiago
0.518,0.465,0.007,0.01,1,santiago
0.294,0.222,0.258,0.226,2,santiago
0.055,0.377,0.266,0.302,3,santiago
0.114,0.326,0.286,0.274,4,santiago
0.191,0.316,0.212,0.281,5,santiago
0.353,0.196,0.166,0.285,6,santiago
0.32,0.171,0.339,0.17,7,santiago
0.287,0.192,0.336,0.185,8,santiago
0.248,0.246,0.317,0.189,9,santiago
0.517,0.475,0.005,0.003,1,santiago
0.308,0.228,0.256,0.208,2,santiago
0.068,0.34,0.291,0.301,3,santiago
0.125,0.335,0.263,0.277,4,santiago
0.158,0.334,0.213,0.295,5,santiago
0.341,0.202,0.167,0.29,6,santiago
0.329,0.162,0.325,0.184,7,santiago
0.269,0.196,0.328,0.207,8,santiago
0.258,0.265,0.306,0.171,9,santiago
0.489,0.502,0.003,0.006,1,santiago
0.301,0.22,0.258,0.221,2,santiago
0.064,0.358,0.28,0.298,3,santiago
0.112,0.329,0.298,0.261,4,santiago
0.17,0.315,0.212,0.303,5,santiago
0.33,0.189,0.172,0.309,6,santiago
0.307,0.168,0.33,0.195,7,santiago
0.307,0.179,0.329,0.185,8,santiago
0.243,0.225,0.332,0.2,9,santiago
0.478,0.507,0.008,0.007,1,santiago
0.298,0.239,0.251,0.212,2,santiago
0.08,0.377,0.252,0.291,3,santiago
0.115,0.365,0.261,0.259,4,santiago
0.17,0.338,0.207,0.285,5,santiago
0.301,0.22,0.19,0.289,6,santiago
0.334,0.162,0.323,0.181,7,santiago
0.309,0.191,0.311,0.189,8,santiago
0.275,0.254,0.266,0.205,9,santiago
0.481,0.506,0.004,0.009,1,santiago
0.294,0.217,0.25,0.239,2,santiago
0.071,0.364,0.284,0.281,3,santiago
0.109,0.324,0.288,0.279,4,santiago
0.155,0.328,0.206,0.311,5,santiago
0.34,0.189,0.182,0.289,6,santiago
0.325,0.188,0.295,0.192,7,santiago
0.317,0.171,0.305,0.207,8,santiago
0.267,0.239,0.324,0.17,9,santiago
0.507,0.48,0.005,0.008,1,santiago
0.282,0.225,0.277,0.216,2,santiago
0.069,0.377,0.281,0.273,3,santiago
0.107,0.348,0.274,0.271,4,santiago
0.171,0.35,0.197,0.282,5,santiago
0.307,0.232,0.182,0.279,6,santiago
0.35,0.147,0.32,0.183,7,santiago
0.289,0.171,0.33,0.21,8,santiago
0.237,0.252,0.303,0.208,9,santiago
0.461,0.529,0.005,0.005,1,santiago
0.292,0.222,0.255,0.231,2,santiago
0.058,0.372,0.279,0.291,3,santiago
0.129,0.345,0.238,0.288,4,santiago
0.162,0.345,0.215,0.278,5,santiago
0.335,0.191,0.17,0.304,6,santiago
0.331,0.19,0.308,0.171,7,santiago
0.286,0.181,0.329,0.204,8,santiago
0.242,0.281,0.298,0.179,9,santiago
0.491,0.494,0.008,0.007,1,santiago
0.313,0.247,0.246,0.194,2,santiago
0.065,0.407,0.274,0.254,3,santiago
0.106,0.369,0.251,0.274,4,santiago
0.137,0.338,0.22,0.305,5,santiago
0.335,0.194,0.155,0.316,6,santiago
0.354,0.163,0.298,0.185,7,santiago
0.303,0.16,0.355,0.182,8,santiago
0.231,0.276,0.291,0.202,9,santiago
0.502,0.475,0.007,0.016,1,santiago
0.28,0.228,0.25,0.242,2,santiago
0.053,0.38,0.284,0.283,3,santiago
0.126,0.317,0.287,0.27,4,santiago
0.167,0.312,0.215,0.306,5,santiago
0.327,0.194,0.165,0.314,6,santiago
0.34,0.155,0.305,0.2,7,santiago
0.295,0.177,0.339,0.189,8,santiago
0.266,0.216,0.321,0.197,9,santiago
0.502,0.481,0.008,0.009,1,santiago
0.298,0.232,0.244,0.226,2,santiago
0.067,0.359,0.267,0.307,3,santiago
0.118,0.354,0.271,0.257,4,santiago
0.174,0.339,0.173,0.314,5,santiago
0.312,0.231,0.177,0.28,6,santiago
0.336,0.183,0.305,0.176,7,santiago
0.292,0.221,0.314,0.173,8,santiago
0.278,0.237,0.3,0.185,9,santiago
0.467,0.52,0.01,0.003,1,santiago
0.292,0.207,0.27,0.231,2,santiago
0.07,0.384,0.278,0.268,3,santiago
0.109,0.326,0.288,0.277,4,santiago
0.17,0.313,0.201,0.316,5,santiago
0.344,0.195,0.158,0.303,6,santiago
0.321,0.15,0.342,0.187,7,santiago
0.301,0.164,0.347,0.188,8,santiago
0.263,0.235,0.302,0.2,9,santiago
0.477,0.509,0.002,0.012,1,santiago
0.301,0.226,0.25,0.223,2,santiago
0.064,0.376,0.277,0.283,3,santiago
0.114,0.323,0.265,0.298,4,santiago
0.161,0.321,0.21,0.308,5,santiago
0.334,0.2,0.173,0.293,6,santiago
0.351,0.149,0.315,0.185,7,santiago
0.304,0.178,0.32,0.198,8,santiago
0.266,0.251,0.296,0.187,9,santiago
0.5,0.489,0.008,0.003,1,santiago
0.293,0.222,0.259,0.226,2,santiago
0.07,0.33,0.305,0.295,3,santiago
0.127,0.342,0.243,0.288,4,santiago
0.186,0.295,0.208,0.311,5,santiago
0.325,0.196,0.187,0.292,6,santiago
0.347,0.178,0.308,0.167,7,santiago
0.285,0.19,0.312,0.213,8,santiago
0.256,0.257,0.273,0.214,9,santiago
0.507,0.48,0.004,0.009,1,santiago
0.295,0.221,0.244,0.24,2,santiago
0.056,0.372,0.299,0.273,3,santiago
0.12,0.325,0.246,0.309,4,santiago
0.179,0.308,0.22,0.293,5,santiago
0.324,0.196,0.184,0.296,6,santiago
0.31,0.185,0.316,0.189,7,santiago
0.298,0.185,0.309,0.208,8,santiago
0.239,0.25,0.319,0.192,9,santiago
0.472,0.517,0.006,0.005,1,santiago
0.281,0.221,0.258,0.24,2,santiago
0.081,0.359,0.302,0.258,3,santiago
0.12,0.331,0.291,0.258,4,santiago
0.15,0.319,0.219,0.312,5,santiago
0.335,0.2,0.169,0.296,6,santiago
0.323,0.164,0.326,0.187,7,santiago
0.312,0.177,0.315,0.196,8,santiago
0.259,0.244,0.314,0.183,9,santiago
0.475,0.511,0.005,0.009,1,santiago
0.29,0.253,0.24,0.217,2,santiago
0.064,0.388,0.276,0.272,3,santiago
0.109,0.358,0.265,0.268,4,santiago
0.167,0.315,0.22,0.298,5,santiago
0.313,0.206,0.186,0.295,6,santiago
0.326,0.152,0.334,0.188,7,santiago
0.303,0.184,0.294,0.219,8,santiago
0.27,0.245,0.299,0.186,9,santiago
0.489,0.503,0.002,0.006,1,santiago
0.298,0.219,0.242,0.241,2,santiago
0.073,0.385,0.277,0.265,3,santiago
0.114,0.361,0.239,0.286,4,santiago
0.152,0.337,0.206,0.305,5,santiago
0.318,0.213,0.186,0.283,6,santiago
0.34,0.157,0.309,0.194,7,santiago
0.278,0.187,0.33,0.205,8,santiago
0.241,0.236,0.316,0.207,9,santiago
0.484,0.508,0.004,0.004,1,santiago
0.307,0.219,0.281,0.193,2,santiago
0.064,0.367,0.284,0.285,3,santiago
0.127,0.357,0.254,0.262,4,santiago
0.187,0.303,0.205,0.305,5,santiago
0.321,0.221,0.164,0.294,6,santiago
0.343,0.176,0.312,0.169,7,santiago
0.304,0.192,0.32,0.184,8,santiago
0.259,0.279,0.304,0.158,9,santiago
0.501,0.488,0.006,0.005,1,santiago
0.279,0.236,0.245,0.24,2,santiago
0.072,0.376,0.26,0.292,3,santiago
0.128,0.351,0.258,0.263,4,santiago
0.165,0.305,0.232,0.298,5,santiago
0.295,0.236,0.168,0.301,6,santiago
0.303,0.193,0.321,0.183,7,santiago
0.303,0.185,0.312,0.2,8,santiago
0.261,0.269,0.28,0.19,9,santiago
0.5,0.497,0.001,0.002,1,santiago
0.302,0.223,0.254,0.221,2,santiago
0.075,0.358,0.289,0.278,3,santiago
0.117,0.348,0.267,0.268,4,santiago
0.171,0.332,0.185,0.312,5,santiago
0.342,0.207,0.172,0.279,6,santiago
0.332,0.136,0.329,0.203,7,santiago
0.301,0.201,0.306,0.192,8,santiago
0.282,0.253,0.297,0.168,9,santiago
0.47,0.515,0.009,0.006,1,santiago
0.309,0.218,0.259,0.214,2,santiago
0.066,0.362,0.323,0.249,3,santiago
0.111,0.346,0.245,0.298,4,santiago
0.17,0.317,0.236,0.277,5,santiago
0.337,0.197,0.18,0.286,6,santiago
0.35,0.176,0.304,0.17,7,santiago
0.281,0.18,0.312,0.227,8,santiago
0.248,0.272,0.296,0.184,9,santiago
0.491,0.497,0.004,0.008,1,santiago
0.284,0.242,0.241,0.233,2,santiago
0.068,0.381,0.262,0.289,3,santiago
0.116,0.342,0.265,0.277,4,santiago
0.179,0.308,0.21,0.303,5,santiago
0.357,0.193,0.171,0.279,6,santiago
0.354,0.169,0.307,0.17,7,santiago
0.321,0.176,0.319,0.184,8,santiago
0.246,0.261,0.317,0.176,9,santiago
0.509,0.482,0.003,0.006,1,santiago
0.292,0.245,0.241,0.222,2,santiago
0.081,0.356,0.279,0.284,3,santiago
0.109,0.342,0.255,0.294,4,santiago
0.166,0.306,0.231,0.297,5,santiago
0.311,0.201,0.19,0.298,6,santiago
0.36,0.166,0.314,0.16,7,santiago
0.296,0.187,0.337,0.18,8,santiago
0.249,0.252,0.304,0.195,9,santiago
0.493,0.493,0.003,0.011,1,santiago
0.296,0.228,0.268,0.208,2,santiago
0.08,0.365,0.272,0.283,3,santiago
0.119,0.361,0.263,0.257,4,santiago
0.174,0.334,0.195,0.297,5,santiago
0.327,0.211,0.172,0.29,6,santiago
0.351,0.166,0.324,0.159,7,santiago
0.316,0.173,0.308,0.203,8,santiago
0.241,0.281,0.314,0.164,9,santiago
0.504,0.483,0.007,0.006,1,santiago
0.289,0.245,0.246,0.22,2,santiago
0.075,0.359,0.264,0.302,3,santiago
0.141,0.35,0.254,0.255,4,santiago
0.173,0.304,0.235,0.288,5,santiago
0.338,0.208,0.163,0.291,6,santiago
0.356,0.156,0.329,0.159,7,santiago
0.305,0.175,0.318,0.202,8,santiago
0.252,0.265,0.3,0.183,9,santiago
0.518,0.472,0.001,0.009,1,santiago
0.281,0.244,0.26,0.215,2,santiago
0.068,0.36,0.284,0.288,3,santiago
0.13,0.348,0.268,0.254,4,santiago
0.17,0.337,0.221,0.272,5,santiago
0.323,0.198,0.186,0.293,6,santiago
0.342,0.174,0.333,0.151,7,santiago
0.303,0.197,0.308,0.192,8,santiago
0.247,0.276,0.322,0.155,9,santiago
0.493,0.484,0.013,0.01,1,santiago
0.284,0.232,0.247,0.237,2,santiago
0.063,0.365,0.276,0.296,3,santiago
0.106,0.336,0.269,0.289,4,santiago
0.154,0.32,0.222,0.304,5,santiago
0.316,0.222,0.17,0.292,6,santiago
0.372,0.16,0.301,0.167,7,santiago
0.288,0.187,0.327,0.198,8,santiago
0.254,0.261,0.322,0.163,9,santiago
0.472,0.519,0.003,0.006,1,santiago
0.277,0.243,0.259,0.221,2,santiago
0.078,0.349,0.263,0.31,3,santiago
0.11,0.322,0.28,0.288,4,santiago
0.135,0.334,0.232,0.299,5,santiago
0.343,0.205,0.163,0.289,6,santiago
0.332,0.152,0.341,0.175,7,santiago
0.32,0.189,0.309,0.182,8,santiago
0.271,0.251,0.299,0.179,9,santiago
0.471,0.51,0.013,0.006,1,santiago
0.322,0.204,0.247,0.227,2,santiago
0.077,0.354,0.3,0.269,3,santiago
0.141,0.354,0.248,0.257,4,santiago
0.177,0.303,0.226,0.294,5,santiago
0.345,0.201,0.175,0.279,6,santiago
0.333,0.186,0.322,0.159,7,santiago
0.298,0.168,0.338,0.196,8,santiago
0.256,0.275,0.293,0.176,9,santiago
0.487,0.497,0.01,0.006,1,santiago
0.309,0.225,0.235,0.231,2,santiago
0.07,0.345,0.288,0.297,3,santiago
0.094,0.333,0.277,0.296,4,santiago
0.169,0.344,0.187,0.3,5,santiago
0.314,0.194,0.182,0.31,6,santiago
0.321,0.177,0.324,0.178,7,santiago
0.286,0.19,0.334,0.19,8,santiago
0.255,0.266,0.294,0.185,9,santiago
0.482,0.506,0.007,0.005,1,santiago
0.31,0.221,0.235,0.234,2,santiago
0.077,0.366,0.29,0.267,3,santiago
0.103,0.33,0.283,0.284,4,santiago
0.159,0.34,0.221,0.28,5,santiago
0.349,0.195,0.182,0.274,6,santiago
0.328,0.162,0.305,0.205,7,santiago
0.317,0.17,0.298,0.215,8,santiago
0.257,0.248,0.305,0.19,9,santiago
0.503,0.489,0.005,0.003,1,santiago
0.256,0.221,0.272,0.251,2,santiago
0.078,0.343,0.269,0.31,3,santiago
0.125,0.34,0.252,0.283,4,santiago
0.166,0.339,0.196,0.299,5,santiago
0.31,0.215,0.173,0.302,6,santiago
0.356,0.161,0.294,0.189,7,santiago
0.306,0.184,0.313,0.197,8,santiago
0.252,0.248,0.307,0.193,9,santiago
0.492,0.492,0.008,0.008,1,santiago
0.285,0.229,0.255,0.231,2,santiago
0.068,0.376,0.29,0.266,3,santiago
0.127,0.315,0.264,0.294,4,santiago
0.178,0.334,0.204,0.284,5,santiago
0.34,0.193,0.172,0.295,6,santiago
0.321,0.174,0.308,0.197,7,santiago
0.305,0.204,0.302,0.189,8,santiago
0.26,0.246,0.315,0.179,9,santiago
0.528,0.46,0.005,0.007,1,santiago
0.27,0.253,0.247,0.23,2,santiago
0.066,0.36,0.291,0.283,3,santiago
0.104,0.349,0.261,0.286,4,santiago
0.163,0.333,0.219,0.285,5,santiago
0.329,0.208,0.182,0.281,6,santiago
0.315,0.171,0.319,0.195,7,santiago
0.262,0.192,0.341,0.205,8,santiago
0.278,0.252,0.296,0.174,9,santiago
0.486,0.503,0.006,0.005,1,santiago
0.293,0.237,0.252,0.218,2,santiago
0.068,0.389,0.268,0.275,3,santiago
0.132,0.309,0.268,0.291,4,santiago
0.149,0.316,0.201,0.334,5,santiago
0.313,0.21,0.176,0.301,6,santiago
0.352,0.157,0.312,0.179,7,santiago
0.333,0.188,0.311,0.168,8,santiago
0.254,0.255,0.311,0.18,9,santiago
0.48,0.506,0.009,0.005,1,santiago
0.282,0.24,0.242,0.236,2,santiago
0.066,0.377,0.267,0.29,3,santiago
0.124,0.365,0.242,0.269,4,santiago
0.177,0.303,0.204,0.316,5,santiago
0.365,0.203,0.169,0.263,6,santiago
0.378,0.171,0.291,0.16,7,santiago
0.415,0.18,0.217,0.188,8,santiago
0.328,0.274,0.22,0.178,9,santiago
0.475,0.511,0.006,0.008,1,santiago
0.28,0.234,0.253,0.233,2,santiago
0.093,0.375,0.259,0.273,3,santiago
0.147,0.35,0.219,0.284,4,santiago
0.155,0.323,0.219,0.303,5,santiago
0.339,0.24,0.159,0.262,6,santiago
0.36,0.174,0.315,0.151,7,santiago
0.39,0.17,0.242,0.198,8,santiago
0.345,0.238,0.236,0.181,9,santiago
0.47,0.524,0.004,0.002,1,santiago
0.294,0.239,0.245,0.222,2,santiago
0.084,0.367,0.259,0.29,3,santiago
0.115,0.374,0.246,0.265,4,santiago
0.157,0.313,0.219,0.311,5,santiago
0.349,0.205,0.166,0.28,6,santiago
0.37,0.169,0.294,0.167,7,santiago
0.4,0.179,0.244,0.177,8,santiago
0.329,0.272,0.227,0.172,9,santiago
0.497,0.49,0.009,0.004,1,santiago
0.286,0.234,0.254,0.226,2,santiago
0.1,0.386,0.23,0.284,3,santiago
0.144,0.359,0.251,0.246,4,santiago
0.15,0.326,0.209,0.315,5,santiago
0.346,0.245,0.161,0.248,6,santiago
0.403,0.171,0.268,0.158,7,santiago
0.407,0.16,0.249,0.184,8,santiago
0.343,0.209,0.272,0.176,9,santiago
0.516,0.469,0.01,0.005,1,santiago
0.29,0.242,0.242,0.226,2,santiago
0.082,0.409,0.255,0.254,3,santiago
0.137,0.38,0.247,0.236,4,santiago
0.163,0.321,0.209,0.307,5,santiago
0.322,0.247,0.165,0.266,6,santiago
0.367,0.189,0.269,0.175,7,santiago
0.392,0.157,0.247,0.204,8,santiago
0.301,0.267,0.258,0.174,9,santiago
0.452,0.535,0.005,0.008,1,santiago
0.265,0.247,0.254,0.234,2,santiago
0.085,0.373,0.233,0.309,3,santiago
0.141,0.335,0.278,0.246,4,santiago
0.182,0.294,0.23,0.294,5,santiago
0.35,0.216,0.186,0.248,6,santiago
0.351,0.171,0.303,0.175,7,santiago
0.357,0.161,0.276,0.206,8,santiago
0.3,0.268,0.243,0.189,9,santiago
0.495,0.493,0.007,0.005,1,santiago
0.29,0.231,0.245,0.234,2,santiago
0.097,0.393,0.227,0.283,3,santiago
0.152,0.38,0.244,0.224,4,santiago
0.165,0.27,0.255,0.31,5,santiago
0.335,0.239,0.156,0.27,6,santiago
0.387,0.19,0.259,0.164,7,santiago
0.413,0.163,0.261,0.163,8,santiago
0.32,0.246,0.256,0.178,9,santiago
0.517,0.466,0.007,0.01,1,santiago
0.29,0.217,0.282,0.211,2,santiago
0.092,0.378,0.252,0.278,3,santiago
0.139,0.384,0.246,0.231,4,santiago
0.179,0.278,0.242,0.301,5,santiago
0.362,0.213,0.153,0.272,6,santiago
0.384,0.174,0.285,0.157,7,santiago
0.377,0.179,0.257,0.187,8,santiago
0.333,0.251,0.242,0.174,9,santiago
0.49,0.499,0.004,0.007,1,santiago
0.31,0.243,0.237,0.21,2,santiago
0.104,0.391,0.249,0.256,3,santiago
0.142,0.361,0.251,0.246,4,santiago
0.171,0.3,0.236,0.293,5,santiago
0.344,0.222,0.172,0.262,6,santiago
0.386,0.179,0.281,0.154,7,santiago
0.395,0.173,0.248,0.184,8,santiago
0.317,0.27,0.271,0.142,9,santiago
0.487,0.502,0.006,0.005,1,santiago
0.293,0.242,0.236,0.229,2,santiago
0.092,0.384,0.24,0.284,3,santiago
0.137,0.357,0.247,0.259,4,santiago
0.18,0.32,0.207,0.293,5,santiago
0.361,0.225,0.155,0.259,6,santiago
0.394,0.173,0.279,0.154,7,santiago
0.361,0.188,0.268,0.183,8,santiago
0.325,0.236,0.255,0.184,9,santiago
0.496,0.489,0.007,0.008,1,santiago
0.28,0.256,0.241,0.223,2,santiago
0.077,0.41,0.248,0.265,3,santiago
0.134,0.351,0.258,0.257,4,santiago
0.18,0.294,0.218,0.308,5,santiago
0.374,0.241,0.148,0.237,6,santiago
0.37,0.171,0.294,0.165,7,santiago
0.396,0.167,0.263,0.174,8,santiago
0.346,0.24,0.253,0.161,9,santiago
0.507,0.483,0.003,0.007,1,santiago
0.286,0.227,0.247,0.24,2,santiago
0.087,0.385,0.244,0.284,3,santiago
0.13,0.346,0.255,0.269,4,santiago
0.184,0.308,0.213,0.295,5,santiago
0.328,0.227,0.16,0.285,6,santiago
0.371,0.164,0.29,0.175,7,santiago
0.367,0.186,0.237,0.21,8,santiago
0.301,0.273,0.244,0.182,9,santiago
0.495,0.49,0.007,0.008,1,santiago
0.314,0.233,0.224,0.229,2,santiago
0.095,0.374,0.243,0.288,3,santiago
0.131,0.37,0.247,0.252,4,santiago
0.17,0.305,0.236,0.289,5,santiago
0.372,0.217,0.172,0.239,6,santiago
0.352,0.181,0.298,0.169,7,santiago
0.391,0.178,0.239,0.192,8,santiago
0.317,0.282,0.22,0.181,9,santiago
0.511,0.48,0.005,0.004,1,santiago
0.295,0.235,0.242,0.228,2,santiago
0.081,0.377,0.259,0.283,3,santiago
0.12,0.349,0.252,0.279,4,santiago
0.179,0.298,0.217,0.306,5,santiago
0.34,0.219,0.19,0.251,6,santiago
0.387,0.147,0.299,0.167,7,santiago
0.406,0.169,0.229,0.196,8,santiago
0.319,0.261,0.241,0.179,9,santiago
0.477,0.515,0.004,0.004,1,santiago
0.301,0.22,0.243,0.236,2,santiago
0.077,0.403,0.254,0.266,3,santiago
0.116,0.352,0.278,0.254,4,santiago
0.157,0.311,0.219,0.313,5,santiago
0.366,0.215,0.164,0.255,6,santiago
0.372,0.176,0.268,0.184,7,santiago
0.367,0.171,0.266,0.196,8,santiago
0.313,0.269,0.244,0.174,9,santiago
0.498,0.493,0.004,0.005,1,santiago
0.309,0.201,0.245,0.245,2,santiago
0.077,0.361,0.273,0.289,3,santiago
0.129,0.353,0.279,0.239,4,santiago
0.157,0.337,0.228,0.278,5,santiago
0.337,0.221,0.18,0.262,6,santiago
0.331,0.172,0.328,0.169,7,santiago
0.402,0.171,0.254,0.173,8,santiago
0.327,0.254,0.235,0.184,9,santiago
0.475,0.518,0.003,0.004,1,santiago
0.307,0.227,0.25,0.216,2,santiago
0.064,0.389,0.25,0.297,3,santiago
0.126,0.333,0.278,0.263,4,santiago
0.182,0.306,0.203,0.309,5,santiago
0.346,0.217,0.18,0.257,6,santiago
0.383,0.161,0.288,0.168,7,santiago
0.374,0.169,0.26,0.197,8,santiago
0.295,0.289,0.225,0.191,9,santiago
0.468,0.511,0.013,0.008,1,santiago
0.272,0.235,0.274,0.219,2,santiago
0.079,0.37,0.259,0.292,3,santiago
0.144,0.343,0.265,0.248,4,santiago
0.168,0.3,0.241,0.291,5,santiago
0.368,0.225,0.175,0.232,6,santiago
0.361,0.152,0.311,0.176,7,santiago
0.373,0.178,0.259,0.19,8,santiago
0.297,0.281,0.247,0.175,9,santiago
0.509,0.472,0.014,0.005,1,santiago
0.282,0.207,0.271,0.24,2,santiago
0.083,0.386,0.25,0.281,3,santiago
0.139,0.356,0.246,0.259,4,santiago
0.181,0.306,0.19,0.323,5,santiago
0.334,0.21,0.159,0.297,6,santiago
0.37,0.173,0.293,0.164,7,santiago
0.36,0.172,0.266,0.202,8,santiago
0.298,0.257,0.261,0.184,9,santiago
0.5,0.492,0.004,0.004,1,santiago
0.297,0.229,0.237,0.237,2,santiago
0.085,0.406,0.248,0.261,3,santiago
0.151,0.347,0.261,0.241,4,santiago
0.194,0.303,0.222,0.281,5,santiago
